0001 6.87 6.5 CAR
0002 22.04 17.5 TRUCK
0003 8.76 5.6 CAR
0004 16.78 18.2 TRUCK
0005 8.31 4.5 CAR
0006 7.29 4.3 CAR
0007 23.34 15.6 TRUCK
0008 21.99 17.8 TRUCK
0009 7.41 5.2 CAR
0010 6.87 6.5 CAR
0011 22.04 17.5 TRUCK
0012 23.49 21.9 TRUCK
0013 8.45 3.4 CAR
0014 8.31 4.5 CAR
0015 7.29 4.3 CAR
0016 23.34 15.6 TRUCK
0017 21.99 17.8 TRUCK
0018 7.41 5.2 CAR
0019 6.87 6.5 CAR
0020 22.04 17.5 TRUCK
0021 8.76 5.6 CAR
0022 16.78 18.2 TRUCK
0023 8.31 4.5 CAR
0024 7.29 4.3 CAR
0025 23.34 15.6 TRUCK
0026 21.99 17.8 TRUCK
0027 7.41 5.2 CAR
0028 6.87 6.5 CAR
0029 22.04 17.5 TRUCK
0030 8.76 5.6 CAR
0031 8.45 3.4 CAR
0032 8.31 4.5 CAR
0033 7.29 4.3 CAR
0034 23.34 15.6 TRUCK
0035 21.99 17.8 TRUCK
0036 7.41 5.2 CAR
0037 6.87 6.5 CAR
0038 22.04 17.5 TRUCK
0039 8.76 5.6 CAR
0040 8.45 3.4 CAR
0041 8.31 4.5 CAR
0042 7.29 4.3 CAR
0043 23.34 15.6 TRUCK
0044 21.99 17.8 TRUCK
0045 7.41 5.2 CAR
0046 6.87 6.5 CAR
0047 22.04 17.5 TRUCK
0048 8.45 3.4 CAR
0049 8.31 4.5 CAR
0050 7.29 4.3 CAR
0051 23.34 15.6 TRUCK
0052 21.99 17.8 TRUCK
0053 7.41 5.2 CAR
0054 6.87 6.5 CAR
0055 22.04 17.5 TRUCK
0056 23.49 21.9 TRUCK
0057 8.45 3.4 CAR
0058 8.31 4.5 CAR
0059 7.29 4.3 CAR
0060 23.34 15.6 TRUCK
0061 21.99 17.8 TRUCK
0062 7.41 5.2 CAR
0063 6.87 6.5 CAR
0064 22.04 17.5 TRUCK
0065 8.76 5.6 CAR
0066 8.45 3.4 CAR
0067 8.32 4.5 CAR
0068 7.29 4.3 CAR
0069 23.34 15.6 TRUCK
0070 21.99 17.8 TRUCK
0071 7.41 5.2 CAR
0072 6.87 6.5 CAR
0073 22.04 17.5 TRUCK
0074 8.76 5.6 CAR
0075 8.45 3.4 CAR
0076 8.31 4.5 CAR
0077 7.29 4.3 CAR
0078 23.34 15.6 TRUCK
0079 21.99 17.8 TRUCK
0080 7.41 5.2 CAR
0081 8.76 5.6 CAR
0082 6.45 3.4 CAR
0083 8.32 4.5 CAR
0084 7.29 4.3 CAR
0085 19.34 13.6 TRUCK
0086 21.99 17.8 TRUCK
0087 7.41 5.2 CAR
0088 6.87 6.5 CAR
0089 5.34 4.5 CAR
0090 8.76 5.6 CAR
0091 8.45 3.4 CAR
0092 8.32 4.5 CAR
0093 7.29 4.3 CAR
0094 23.34 15.6 TRUCK
0095 21.99 17.8 TRUCK
0096 7.41 5.2 CAR
0097 6.87 6.5 CAR
0098 22.04 17.5 TRUCK
0099 8.76 5.6 CAR